0	33.33	33.33	0.00	0	0	0	0	0	0.00
1	60.33	57.33	0.75	0	1	9	12	4	0.60
2	51.33	10.33	0.75	1	1	12	15	1	0.70
3	41.00	35.33	0.75	0	1	14	17	5	0.80
4	7.67	45.67	0.50	1	0	12	15	5	0.70
5	63.33	9.33	0.33	1	1	14	17	4	0.60
6	2.67	23.67	0.50	1	1	12	15	2	0.80
7	34.33	43.33	0.33	1	0	9	12	4	0.90
8	20.67	16.67	0.33	1	1	9	12	4	0.90
9	29.67	53.67	0.50	1	1	14	17	4	0.90
10	39.00	30.33	0.50	1	0	12	15	2	0.80
11	4.00	52.00	0.75	1	0	14	17	2	0.90
12	29.33	55.00	0.33	1	1	9	12	3	0.80
13	35.67	41.67	0.33	1	1	14	17	5	0.70
14	2.67	24.67	0.33	1	0	14	17	4	0.80
15	35.00	41.67	0.33	0	1	14	17	1	0.70
16	39.33	64.00	0.75	1	0	9	12	3	0.70
17	48.67	3.67	0.50	1	0	12	15	2	0.90
18	31.00	4.33	0.75	1	0	12	15	1	0.60
19	62.67	41.67	0.33	1	1	12	15	2	0.80
20	29.00	39.00	0.75	1	1	12	15	1	0.90
21	41.00	10.33	0.75	1	1	12	15	4	0.80
22	40.33	63.00	0.75	0	1	14	17	1	0.90
23	58.00	42.67	0.50	0	1	9	12	4	0.60
24	65.67	26.67	0.50	0	1	14	17	1	0.70
25	50.33	55.00	0.75	1	0	12	15	4	0.70
26	46.67	1.33	0.50	0	1	9	12	1	0.90
27	26.00	61.33	0.75	1	0	9	12	1	0.80
28	32.00	50.00	0.50	1	1	14	17	5	0.90
29	32.00	49.00	0.33	0	1	9	12	3	0.60
30	49.67	60.67	0.33	0	1	14	17	5	0.80
31	29.00	63.67	0.75	1	0	9	12	2	0.70
32	63.00	50.33	0.75	0	1	14	17	3	0.70
33	33.00	48.00	0.75	1	0	14	17	2	0.90
34	21.33	17.33	0.75	1	1	12	15	1	0.70
35	2.33	50.33	0.75	1	1	12	15	4	0.80
36	50.33	33.00	0.33	1	0	14	17	1	0.60
37	29.00	39.33	0.50	1	0	12	15	4	0.60
38	59.67	47.00	0.50	0	1	12	15	5	0.70
39	64.00	50.33	0.75	0	1	12	15	1	0.70
40	47.67	0.00	0.33	1	0	14	17	2	0.70
41	22.00	19.33	0.50	1	0	14	17	4	0.80
42	40.67	4.67	0.33	1	0	14	17	3	0.70
43	22.00	17.33	0.50	1	0	14	17	2	0.70
44	57.67	18.33	0.50	1	0	14	17	1	0.70
45	39.67	12.33	0.50	1	0	12	15	5	0.70
46	66.33	9.33	0.33	1	1	12	15	1	0.70
47	30.00	53.67	0.75	1	1	14	17	5	0.80
48	12.00	64.33	0.33	1	1	14	17	4	0.80
49	53.00	53.33	0.33	1	0	14	17	2	0.70
50	64.67	37.33	0.33	1	0	12	15	4	0.60
51	58.67	57.67	0.33	1	1	14	17	2	0.80
52	39.00	64.33	0.33	0	1	14	17	4	0.90
53	62.00	32.00	0.75	1	0	14	17	4	0.60
54	13.00	18.67	0.33	0	1	9	12	2	0.90
55	63.00	40.00	0.75	1	1	9	12	3	0.70
56	9.67	46.33	0.75	1	0	9	12	1	0.70
57	12.33	63.33	0.50	1	1	14	17	5	0.80
58	55.00	39.00	0.75	0	1	9	12	4	0.70
59	5.33	28.00	0.50	1	0	12	15	3	0.70
60	62.33	32.33	0.50	1	1	12	15	3	0.80
61	3.33	51.00	0.75	1	0	9	12	2	0.70
62	64.67	49.67	0.50	1	1	9	12	1	0.70
63	62.33	37.33	0.33	1	1	14	17	3	0.70
64	34.33	23.33	0.33	1	0	12	15	3	0.80
65	64.33	53.00	0.33	1	0	12	15	4	0.80
66	25.67	38.33	0.75	0	1	14	17	2	0.90
67	63.33	51.33	0.33	1	0	12	15	3	0.70
68	1.00	25.00	0.75	1	1	9	12	3	0.70
69	5.67	31.00	0.33	0	1	9	12	3	0.70
70	50.33	55.67	0.50	0	1	14	17	5	0.90
71	4.00	28.33	0.75	1	1	12	15	5	0.70
72	40.00	3.67	0.33	1	1	12	15	1	0.80
73	46.67	60.33	0.75	1	0	14	17	1	0.90
74	2.00	22.33	0.75	0	1	14	17	1	0.60
75	45.67	1.33	0.50	1	1	9	12	2	0.90
76	34.33	41.33	0.75	1	1	14	17	1	0.60
77	3.33	22.33	0.75	0	1	9	12	4	0.90
78	16.00	10.00	0.75	1	0	12	15	2	0.80
79	17.67	22.33	0.50	0	1	9	12	4	0.90
80	54.67	37.67	0.50	1	0	9	12	3	0.60
81	15.67	16.33	0.50	1	0	12	15	2	0.60
82	62.33	30.67	0.75	1	1	9	12	1	0.90
83	40.33	38.33	0.75	1	1	9	12	5	0.90
84	15.33	17.00	0.50	1	0	12	15	3	0.70
85	48.00	63.00	0.33	0	1	12	15	1	0.90
86	60.00	31.00	0.33	1	1	9	12	1	0.80
87	50.67	56.00	0.75	1	1	9	12	3	0.70
88	39.00	31.67	0.33	0	1	12	15	1	0.70
89	65.00	8.33	0.50	0	1	14	17	5	0.60
90	36.00	56.00	0.50	1	1	9	12	3	0.90
91	49.67	34.33	0.75	0	1	12	15	3	0.90
92	20.00	19.33	0.75	1	1	12	15	2	0.90
93	65.67	26.33	0.75	1	0	12	15	2	0.90
94	13.00	19.33	0.75	0	1	9	12	3	0.70
95	49.00	62.00	0.75	1	1	14	17	1	0.70
96	51.33	54.33	0.75	1	1	9	12	2	0.60
97	32.00	42.67	0.33	1	0	14	17	1	0.90
98	10.00	62.33	0.33	0	1	14	17	5	0.70
99	41.00	40.33	0.33	1	0	14	17	4	0.90
100	34.67	22.67	0.33	1	1	9	12	5	0.90
101	34.00	42.67	0.75	0	1	9	12	4	0.80
102	6.00	29.67	0.33	0	1	14	17	2	0.90
103	65.67	25.67	0.50	0	1	14	17	4	0.90
104	52.00	3.67	0.75	0	1	12	15	3	0.70
105	48.00	11.00	0.33	0	1	14	17	4	0.80
106	33.67	22.33	0.33	1	0	12	15	4	0.70
107	53.00	40.33	0.33	1	1	9	12	2	0.60
108	28.00	64.00	0.33	0	1	12	15	5	0.60
109	46.33	2.33	0.33	1	1	9	12	2	0.90
110	2.33	50.67	0.50	0	1	12	15	2	0.70
111	60.33	49.00	0.50	0	1	14	17	1	0.80
112	34.67	56.67	0.50	1	1	9	12	2	0.90
113	4.33	27.00	0.75	1	1	9	12	3	0.80
114	57.33	19.00	0.50	1	0	12	15	3	0.70
115	26.67	36.00	0.33	0	1	12	15	5	0.70
116	60.00	57.00	0.75	1	0	12	15	2	0.60
117	48.67	1.00	0.50	1	1	14	17	1	0.70
118	41.00	11.00	0.50	1	1	12	15	5	0.80
119	42.33	2.67	0.33	1	1	14	17	2	0.80
120	61.67	38.33	0.75	1	1	12	15	4	0.60
121	64.00	37.67	0.50	0	1	14	17	3	0.60
122	64.67	25.00	0.50	1	0	14	17	2	0.70
123	45.00	0.00	0.33	1	1	12	15	4	0.90
124	52.33	10.00	0.33	1	1	12	15	2	0.70
125	17.67	9.67	0.75	0	1	9	12	1	0.90
126	28.33	36.67	0.33	1	0	9	12	4	0.80
127	60.67	57.00	0.75	1	0	12	15	1	0.60
128	26.33	64.33	0.33	0	1	9	12	1	0.90
129	60.33	17.33	0.33	1	1	14	17	1	0.80
130	49.33	34.33	0.50	1	1	12	15	1	0.70
131	63.33	36.33	0.75	0	1	9	12	5	0.70
132	39.67	62.67	0.75	0	1	9	12	4	0.80
133	65.67	46.67	0.75	1	0	12	15	2	0.70
134	54.00	41.00	0.75	1	0	14	17	1	0.90
135	34.00	56.67	0.33	0	1	9	12	2	0.80
136	40.00	66.00	0.50	0	1	12	15	4	0.70
137	58.33	16.67	0.50	0	1	14	17	4	0.80
138	7.67	47.33	0.75	1	0	14	17	2	0.90
139	49.67	33.00	0.50	1	0	12	15	4	0.60
140	34.00	58.00	0.33	1	1	12	15	2	0.70
141	10.00	47.33	0.33	1	0	9	12	1	0.60
142	58.33	47.67	0.75	0	1	12	15	1	0.70
143	64.33	9.00	0.75	1	1	9	12	1	0.70
144	64.33	27.33	0.33	1	1	12	15	2	0.80
145	34.33	22.33	0.50	1	0	12	15	3	0.80
146	18.33	21.33	0.33	1	1	9	12	5	0.60
147	65.67	8.33	0.50	1	0	9	12	1	0.60
148	14.00	35.00	0.75	1	0	14	17	4	0.70
149	33.33	43.00	0.33	0	1	14	17	2	0.90
150	40.00	38.33	0.50	1	1	14	17	5	0.80
151	61.00	40.00	0.75	1	1	12	15	5	0.70
152	38.33	29.67	0.75	0	1	12	15	2	0.80
153	65.33	9.00	0.75	1	0	9	12	4	0.70
154	43.67	12.67	0.75	1	0	12	15	3	0.60
155	48.33	10.33	0.50	0	1	12	15	5	0.90
156	65.33	45.67	0.75	0	1	12	15	2	0.70
157	32.67	50.00	0.50	1	0	9	12	3	0.80
158	53.00	2.67	0.50	1	1	14	17	1	0.80
159	5.00	29.33	0.50	0	1	12	15	2	0.80
160	63.67	9.00	0.50	0	1	12	15	4	0.60
161	65.33	37.00	0.33	1	0	9	12	3	0.90
162	50.00	2.00	0.75	1	1	9	12	2	0.70
163	31.67	24.67	0.50	1	0	14	17	1	0.70
164	14.00	33.67	0.75	0	1	9	12	2	0.80
165	17.67	19.67	0.75	1	0	12	15	1	0.70
166	64.33	7.67	0.75	1	1	14	17	2	0.90
167	13.33	35.00	0.33	1	0	9	12	4	0.90
168	50.67	1.33	0.33	0	1	9	12	1	0.80
169	33.33	50.33	0.33	1	0	14	17	5	0.80
170	8.00	46.67	0.75	1	0	12	15	3	0.90
171	29.00	65.00	0.33	1	0	14	17	3	0.80
172	46.67	2.00	0.50	0	1	14	17	3	0.80
173	65.67	37.67	0.50	1	0	14	17	5	0.60
174	13.33	61.00	0.50	1	0	14	17	5	0.70
175	42.33	38.00	0.75	1	1	12	15	5	0.70
176	60.67	15.33	0.75	1	1	14	17	5	0.90
177	50.33	63.33	0.50	1	0	14	17	3	0.60
178	2.67	23.00	0.33	1	1	12	15	5	0.90
179	14.67	17.33	0.75	1	0	12	15	1	0.80
180	14.33	18.00	0.33	0	1	12	15	4	0.80
181	59.67	58.00	0.50	0	1	14	17	4	0.90
182	4.33	50.67	0.75	1	0	12	15	5	0.90
183	45.67	0.33	0.50	1	1	14	17	4	0.90
184	42.33	39.33	0.75	1	1	14	17	2	0.70
185	39.33	30.67	0.33	1	0	12	15	1	0.60
186	43.00	13.33	0.75	1	1	12	15	3	0.90
187	41.00	1.33	0.75	1	1	12	15	2	0.60
188	18.33	8.00	0.75	1	0	14	17	1	0.90
189	13.67	60.67	0.33	1	0	9	12	1	0.90
190	7.33	44.33	0.75	0	1	12	15	5	0.60
191	50.33	33.67	0.75	1	0	12	15	4	0.90
192	27.33	64.67	0.75	1	0	12	15	1	0.70
193	61.67	41.33	0.33	1	0	9	12	5	0.90
194	60.00	49.00	0.75	1	1	12	15	1	0.90
195	32.33	2.33	0.33	0	1	12	15	3	0.70
196	36.00	55.00	0.33	1	0	9	12	4	0.70
197	15.67	16.67	0.75	0	1	12	15	5	0.60
198	31.00	55.67	0.33	1	0	12	15	1	0.60
199	62.00	30.33	0.33	1	0	14	17	1	0.80
200	41.33	2.00	0.50	0	1	9	12	5	0.90
201	49.67	55.67	0.75	1	1	9	12	1	0.60
202	41.67	12.67	0.75	1	1	9	12	4	0.60
203	41.00	2.67	0.75	1	1	9	12	2	0.90
204	66.33	25.33	0.50	0	1	14	17	3	0.80
205	64.67	43.00	0.33	1	0	12	15	2	0.80
206	41.33	39.00	0.50	1	1	14	17	3	0.60
207	38.33	1.33	0.33	1	1	14	17	5	0.70
208	35.00	23.33	0.50	1	0	12	15	1	0.70
209	40.00	30.67	0.33	1	0	14	17	1	0.90
210	66.67	45.33	0.50	1	1	14	17	2	0.80
211	4.67	28.00	0.33	1	1	9	12	3	0.80
212	33.33	50.00	0.33	1	1	12	15	2	0.90
213	63.33	37.33	0.50	0	1	9	12	5	0.70
214	48.67	2.33	0.50	1	1	12	15	3	0.70
215	65.33	9.33	0.33	1	1	9	12	3	0.90
216	33.33	2.00	0.33	0	1	12	15	2	0.60
217	39.33	32.33	0.33	0	1	9	12	1	0.80
218	4.00	51.33	0.50	1	1	14	17	3	0.70
219	32.33	54.00	0.50	0	1	14	17	1	0.90
220	65.33	26.00	0.33	1	1	12	15	2	0.70
221	57.33	38.00	0.50	1	0	9	12	4	0.90
222	4.67	30.67	0.33	0	1	14	17	1	0.80
223	2.33	47.33	0.50	0	1	14	17	2	0.70
224	21.00	18.33	0.75	0	1	14	17	5	0.70
225	18.00	10.00	0.50	0	1	9	12	5	0.60
226	47.00	2.67	0.50	1	0	9	12	5	0.60
227	52.00	4.00	0.33	1	0	9	12	3	0.70
228	44.67	2.00	0.75	1	0	12	15	3	0.70
229	66.00	26.00	0.33	1	0	9	12	4	0.90
230	21.67	17.67	0.75	1	0	14	17	2	0.70
231	17.33	9.33	0.50	1	1	12	15	4	0.70
232	41.67	5.00	0.75	1	1	14	17	5	0.60
233	66.33	38.33	0.33	0	1	14	17	3	0.80
234	10.67	59.33	0.50	1	1	9	12	5	0.70
235	59.67	18.33	0.33	0	1	12	15	3	0.80
236	3.67	50.33	0.33	0	1	14	17	4	0.60
237	33.00	51.33	0.50	1	0	12	15	1	0.80
238	31.67	5.33	0.50	1	0	9	12	3	0.90
239	27.67	65.67	0.50	1	0	12	15	5	0.90
240	9.00	45.00	0.75	0	1	9	12	2	0.90
241	34.00	40.33	0.33	0	1	14	17	4	0.60
242	59.67	55.00	0.75	1	0	14	17	5	0.90
243	29.00	65.33	0.33	1	1	9	12	1	0.80
244	12.67	63.33	0.50	1	1	9	12	5	0.60
245	61.00	55.67	0.75	1	0	9	12	3	0.90
246	15.33	16.33	0.75	1	0	12	15	4	0.90
247	49.67	1.67	0.50	1	1	12	15	2	0.70
248	28.00	64.67	0.50	0	1	14	17	1	0.80
249	31.00	50.00	0.33	1	0	12	15	1	0.60
250	11.67	62.00	0.50	1	1	12	15	4	0.80
251	59.00	48.67	0.75	1	0	14	17	4	0.90
252	8.67	49.00	0.33	1	1	14	17	2	0.80
253	7.00	28.33	0.33	1	0	14	17	4	0.80
254	65.00	32.33	0.50	1	0	14	17	2	0.60
255	33.00	48.67	0.75	1	0	14	17	3	0.90
256	65.00	43.00	0.50	1	0	9	12	5	0.90
257	35.00	42.33	0.33	1	0	9	12	1	0.80
258	63.33	8.00	0.33	0	1	14	17	1	0.90
259	59.33	55.00	0.33	0	1	14	17	1	0.80
260	22.67	16.67	0.50	1	1	14	17	1	0.90
261	63.33	36.67	0.75	1	1	14	17	2	0.70
262	20.00	17.00	0.50	1	1	9	12	1	0.90
263	60.00	16.67	0.50	1	0	12	15	5	0.90
264	60.33	50.33	0.50	1	0	12	15	1	0.70
265	47.67	63.00	0.75	0	1	14	17	5	0.90
266	18.67	19.67	0.33	1	1	9	12	1	0.80
267	16.00	36.00	0.50	1	0	14	17	4	0.80
268	16.67	22.33	0.75	1	0	14	17	3	0.80
269	33.67	23.33	0.75	0	1	9	12	1	0.80
270	61.67	41.00	0.50	1	1	9	12	2	0.90
271	12.67	62.67	0.75	1	1	9	12	4	0.70
272	50.33	9.33	0.50	1	0	9	12	3	0.90
273	40.33	2.67	0.75	1	1	14	17	5	0.90
274	8.33	47.67	0.33	1	1	12	15	3	0.90
275	8.67	46.00	0.33	0	1	12	15	1	0.60
276	58.67	48.00	0.33	1	1	9	12	1	0.80
277	26.00	39.67	0.75	1	1	9	12	4	0.90
278	17.00	10.33	0.50	1	1	12	15	3	0.90
279	36.33	58.33	0.33	1	1	14	17	2	0.70
280	50.00	32.67	0.50	0	1	12	15	1	0.60
281	60.00	17.33	0.50	1	0	12	15	1	0.60
282	47.00	1.33	0.33	0	1	9	12	2	0.80
283	50.67	1.00	0.75	1	1	14	17	4	0.90
284	55.33	39.00	0.50	1	0	9	12	4	0.90
285	31.00	2.33	0.75	1	1	14	17	2	0.90
286	37.67	31.33	0.33	1	0	12	15	5	0.70
287	27.67	62.67	0.33	1	1	9	12	2	0.60
288	2.67	24.33	0.33	1	1	14	17	4	0.90
289	51.33	0.67	0.50	0	1	12	15	2	0.70
290	5.67	50.00	0.75	1	0	12	15	3	0.80
291	38.67	63.00	0.75	1	0	9	12	5	0.60
292	46.67	3.67	0.50	1	1	12	15	5	0.60
293	63.00	32.33	0.75	0	1	9	12	5	0.60
294	61.33	38.67	0.75	0	1	14	17	4	0.70
295	66.00	25.33	0.50	0	1	9	12	1	0.80
296	62.00	31.33	0.75	1	1	12	15	3	0.70
297	32.33	21.67	0.75	1	0	12	15	1	0.80
298	51.33	57.33	0.50	1	1	12	15	3	0.70
299	30.00	53.33	0.50	1	0	9	12	1	0.90
300	36.33	42.00	0.75	1	0	12	15	2	0.80
301	49.33	32.67	0.75	1	0	12	15	1	0.70
302	48.00	56.67	0.50	0	1	12	15	4	0.90
303	64.33	27.67	0.50	1	0	14	17	2	0.90
304	5.00	29.00	0.33	0	1	9	12	5	0.60
305	29.67	52.67	0.50	1	0	14	17	5	0.80
306	51.00	9.67	0.75	1	1	9	12	3	0.70
307	61.00	50.67	0.33	1	1	12	15	1	0.90
308	17.67	20.33	0.50	1	0	9	12	5	0.60
309	41.00	12.00	0.33	1	0	12	15	2	0.70
310	19.67	19.00	0.75	1	0	12	15	4	0.70
311	34.00	40.67	0.50	1	1	14	17	3	0.60
312	15.00	16.00	0.75	1	0	14	17	4	0.90
313	61.67	32.00	0.75	1	0	12	15	1	0.70
314	40.00	64.00	0.50	1	1	12	15	4	0.60
315	55.00	37.67	0.75	1	1	12	15	2	0.80
316	59.00	48.33	0.33	1	1	9	12	5	0.80
317	42.00	64.00	0.50	1	0	14	17	2	0.80
318	34.33	22.00	0.50	1	1	9	12	1	0.80
319	23.00	15.67	0.75	1	1	12	15	5	0.90
320	50.00	1.00	0.75	0	1	9	12	3	0.80
321	36.67	54.67	0.33	0	1	14	17	3	0.70
322	59.33	41.00	0.50	1	0	12	15	5	0.90
323	17.67	10.33	0.75	1	1	14	17	4	0.70
324	64.33	43.67	0.50	0	1	14	17	5	0.90
325	27.67	39.33	0.50	0	1	9	12	5	0.80
326	48.33	3.00	0.75	1	0	12	15	1	0.60
327	4.00	23.00	0.50	1	1	14	17	5	0.80
328	48.33	63.00	0.50	1	1	12	15	1	0.70
329	32.33	22.33	0.75	0	1	9	12	3	0.90
330	64.33	9.33	0.50	0	1	9	12	1	0.70
331	26.33	38.33	0.50	1	0	9	12	1	0.60
332	21.00	19.33	0.75	1	0	12	15	4	0.90
333	62.33	47.33	0.33	0	1	14	17	1	0.70
334	33.00	4.00	0.50	1	1	12	15	5	0.60
335	60.33	29.67	0.75	1	1	9	12	5	0.70
336	37.00	31.00	0.75	1	1	9	12	3	0.80
337	64.00	9.33	0.33	0	1	12	15	2	0.70
338	66.00	44.00	0.33	0	1	9	12	2	0.70
339	19.00	18.00	0.75	1	0	12	15	4	0.70
340	13.00	37.33	0.50	1	0	14	17	2	0.60
341	39.33	1.67	0.75	0	1	14	17	3	0.80
342	40.67	12.33	0.50	1	1	12	15	4	0.80
343	33.33	23.33	0.75	0	1	12	15	2	0.70
344	50.00	34.33	0.33	1	1	14	17	5	0.90
345	9.33	64.33	0.75	1	0	14	17	5	0.80
346	40.33	12.00	0.75	0	1	9	12	2	0.90
347	50.67	10.33	0.50	0	1	12	15	3	0.60
348	58.33	19.00	0.75	1	0	9	12	5	0.90
349	49.67	33.67	0.50	0	1	14	17	1	0.70
350	46.67	1.00	0.75	1	1	12	15	5	0.70
351	55.00	38.67	0.33	0	1	14	17	4	0.70
352	47.67	1.67	0.33	1	0	9	12	4	0.90
353	51.00	53.33	0.50	1	0	12	15	1	0.90
354	40.33	38.67	0.75	1	0	14	17	3	0.80
355	49.00	2.00	0.33	1	0	12	15	4	0.80
356	54.00	39.33	0.50	0	1	12	15	4	0.90
357	4.00	22.00	0.75	0	1	12	15	5	0.80
358	32.67	1.33	0.75	1	0	14	17	3	0.70
359	63.00	31.67	0.50	0	1	14	17	5	0.90
360	30.33	53.33	0.50	1	1	9	12	1	0.80
361	49.00	8.67	0.75	0	1	12	15	1	0.90
362	28.33	64.00	0.50	1	0	9	12	1	0.90
363	59.33	49.00	0.75	1	1	12	15	2	0.90
364	13.33	37.67	0.50	0	1	12	15	4	0.60
365	40.67	2.67	0.50	1	0	12	15	3	0.90
366	39.67	37.67	0.33	0	1	14	17	2	0.60
367	15.00	34.67	0.33	1	0	14	17	3	0.80
368	28.00	39.33	0.33	0	1	9	12	3	0.80
369	2.67	51.33	0.50	1	0	12	15	4	0.90
370	8.33	48.67	0.50	1	1	14	17	3	0.60
371	59.33	46.67	0.33	1	0	12	15	2	0.60
372	48.67	34.33	0.50	0	1	12	15	5	0.80
373	13.33	36.00	0.33	1	1	14	17	2	0.70
374	61.00	49.33	0.75	1	0	12	15	4	0.70
375	33.00	42.67	0.50	0	1	9	12	2	0.60
376	50.33	11.67	0.50	1	0	9	12	2	0.80
377	51.33	9.00	0.33	1	1	9	12	5	0.90
378	14.00	34.00	0.33	1	0	12	15	2	0.90
379	15.00	15.33	0.50	1	0	9	12	5	0.90
380	48.00	63.33	0.75	0	1	9	12	5	0.70
381	43.00	12.67	0.33	1	1	14	17	5	0.70
382	66.33	44.00	0.75	0	1	14	17	3	0.70
383	64.33	37.00	0.50	0	1	9	12	5	0.60
384	57.33	17.00	0.50	1	0	12	15	1	0.80
385	62.67	29.33	0.75	1	0	14	17	5	0.80
386	13.33	16.33	0.33	0	1	9	12	5	0.90
387	17.33	12.67	0.75	1	0	9	12	1	0.70
388	59.33	18.00	0.50	1	1	9	12	4	0.90
389	60.33	58.33	0.33	0	1	14	17	2	0.90
390	13.67	62.33	0.50	1	1	9	12	3	0.90
391	16.33	34.67	0.50	1	1	14	17	5	0.70
392	50.00	33.00	0.75	1	0	14	17	2	0.80
393	35.33	55.33	0.33	1	1	9	12	5	0.90
394	1.67	24.33	0.50	1	1	9	12	4	0.90
395	49.33	10.67	0.75	0	1	12	15	1	0.90
396	60.67	51.33	0.75	1	1	9	12	2	0.90
397	38.67	4.00	0.33	0	1	12	15	5	0.80
398	26.00	38.33	0.33	1	0	9	12	4	0.60
399	40.33	62.67	0.33	1	1	12	15	1	0.70
400	20.33	16.67	0.33	1	0	14	17	3	0.90
