0	33.33	33.33	0.00	0	0	0	0	0	0.00
1	44.67	2.00	0.50	1	1	12	15	5	0.60
2	21.00	19.33	0.50	0	1	9	12	5	0.60
3	21.33	17.33	0.75	0	1	12	15	2	0.90
4	46.33	2.33	0.75	1	1	14	17	2	0.80
5	36.67	2.67	0.33	1	1	9	12	5	0.70
6	26.33	64.33	0.75	1	0	14	17	5	0.70
7	26.67	63.33	0.50	0	1	9	12	1	0.70
8	52.67	27.00	0.33	1	0	14	17	5	0.70
9	20.00	51.00	0.75	0	1	12	15	2	0.80
10	47.00	2.67	0.33	1	1	9	12	2	0.70
11	4.33	27.00	0.75	0	1	14	17	5	0.70
12	22.67	38.33	0.75	1	0	9	12	1	0.70
13	50.33	44.00	0.33	1	0	9	12	1	0.70
14	29.33	47.67	0.50	1	0	12	15	4	0.90
15	5.33	28.00	0.50	0	1	14	17	3	0.60
16	51.67	5.67	0.50	1	1	14	17	1	0.70
17	23.00	50.00	0.75	1	1	14	17	3	0.60
18	18.33	29.00	0.33	0	1	9	12	2	0.70
19	7.33	44.33	0.50	1	1	12	15	1	0.90
20	3.33	6.67	0.50	0	1	14	17	3	0.70
21	62.33	47.33	0.33	0	1	14	17	4	0.70
22	38.00	40.67	0.33	0	1	14	17	5	0.60
23	26.00	39.67	0.33	1	1	9	12	1	0.70
24	66.33	38.33	0.33	1	1	14	17	3	0.90
25	61.67	41.33	0.50	0	1	12	15	1	0.70
26	15.33	7.33	0.50	0	1	14	17	1	0.80
27	2.33	50.67	0.33	0	1	14	17	4	0.90
28	48.00	30.67	0.75	0	1	9	12	1	0.80
29	1.67	54.00	0.33	1	1	9	12	1	0.70
30	65.67	37.67	0.33	1	1	14	17	5	0.90
31	63.00	31.67	0.50	1	0	12	15	4	0.90
32	28.00	39.33	0.33	1	1	14	17	1	0.80
33	9.33	25.67	0.75	1	1	14	17	2	0.60
34	35.00	8.67	0.75	0	1	9	12	1	0.90
35	37.67	33.33	0.50	0	1	14	17	3	0.70
36	46.33	32.33	0.50	1	1	9	12	5	0.80
37	47.67	59.67	0.33	0	1	9	12	1	0.60
38	37.00	63.00	0.75	0	1	9	12	1	0.80
39	39.67	12.33	0.33	1	1	12	15	3	0.60
40	29.00	63.67	0.75	1	0	9	12	4	0.70
41	26.67	55.67	0.50	1	1	12	15	2	0.80
42	7.67	45.67	0.75	1	1	12	15	3	0.90
43	60.33	23.33	0.33	1	1	12	15	4	0.80
44	59.33	41.00	0.75	0	1	14	17	5	0.60
45	15.00	47.33	0.33	1	1	9	12	3	0.60
46	50.33	22.00	0.75	1	1	14	17	1	0.90
47	22.67	16.67	0.75	0	1	12	15	1	0.80
48	53.00	65.33	0.75	1	1	12	15	3	0.80
49	29.00	10.00	0.50	0	1	14	17	5	0.70
50	62.33	30.67	0.50	1	1	14	17	1	0.90
51	3.33	51.00	0.33	1	1	9	12	4	0.80
52	18.00	10.00	0.33	1	0	9	12	1	0.80
53	18.00	12.33	0.33	1	0	12	15	1	0.90
54	60.00	49.00	0.50	1	0	14	17	4	0.90
55	51.33	19.67	0.50	1	0	14	17	4	0.90
56	31.00	4.33	0.50	1	0	14	17	2	0.60
57	12.67	63.33	0.75	1	0	14	17	1	0.70
58	34.67	29.33	0.75	1	0	9	12	5	0.90
59	26.00	56.33	0.75	1	0	12	15	3	0.90
60	42.33	47.67	0.50	0	1	14	17	1	0.70
61	8.00	43.67	0.75	1	1	14	17	2	0.60
62	27.33	64.67	0.75	0	1	12	15	1	0.70
63	55.00	39.00	0.50	1	1	12	15	3	0.80
64	7.67	58.67	0.33	1	0	9	12	4	0.70
65	18.33	8.00	0.33	1	1	9	12	2	0.60
66	49.33	52.33	0.33	0	1	9	12	1	0.90
67	62.00	30.33	0.33	1	0	9	12	1	0.70
68	8.67	46.00	0.33	1	0	12	15	1	0.70
69	26.00	61.33	0.50	0	1	14	17	1	0.60
70	55.00	60.33	0.33	1	1	12	15	2	0.90
71	3.67	50.33	0.33	0	1	14	17	5	0.60
72	34.33	22.00	0.75	1	0	12	15	4	0.70
73	62.67	41.67	0.33	0	1	14	17	3	0.60
74	65.67	46.67	0.75	0	1	9	12	4	0.60
75	33.33	23.33	0.33	0	1	14	17	4	0.70
76	27.67	39.33	0.33	1	0	14	17	4	0.90
77	22.00	19.33	0.75	0	1	14	17	4	0.90
78	27.67	62.67	0.50	1	0	12	15	2	0.90
79	4.00	51.33	0.50	0	1	12	15	2	0.90
80	52.67	6.67	0.75	0	1	14	17	5	0.80
81	53.67	52.67	0.33	1	0	9	12	1	0.70
82	13.67	62.00	0.75	1	0	14	17	1	0.90
83	54.00	54.00	0.75	1	1	14	17	3	0.70
84	29.67	58.67	0.33	1	0	9	12	4	0.60
85	28.67	23.00	0.33	1	1	14	17	5	0.60
86	6.67	24.00	0.33	1	1	9	12	2	0.60
87	13.67	60.67	0.50	1	0	9	12	5	0.70
88	59.33	49.00	0.33	1	1	12	15	3	0.70
89	46.67	3.67	0.75	0	1	12	15	3	0.80
90	20.00	17.00	0.50	1	1	12	15	4	0.60
91	33.33	2.00	0.33	0	1	12	15	4	0.80
92	6.00	29.67	0.33	1	1	9	12	5	0.90
93	28.33	36.67	0.75	1	0	12	15	3	0.90
94	12.33	48.67	0.33	1	1	9	12	1	0.60
95	60.33	29.67	0.75	0	1	14	17	4	0.70
96	8.67	49.00	0.50	0	1	14	17	4	0.80
97	17.33	12.67	0.33	0	1	9	12	3	0.70
98	43.67	45.33	0.50	0	1	12	15	4	0.80
99	15.33	43.67	0.33	0	1	9	12	4	0.90
100	11.67	53.33	0.75	0	1	9	12	3	0.70
101	62.33	32.33	0.50	0	1	9	12	2	0.60
102	57.33	59.67	0.75	1	1	14	17	2	0.80
103	52.00	31.00	0.33	1	1	9	12	2	0.80
104	28.33	54.67	0.50	0	1	12	15	5	0.80
105	5.67	10.67	0.33	1	1	14	17	2	0.80
106	58.33	20.00	0.33	1	1	12	15	5	0.90
107	27.33	16.00	0.50	1	1	14	17	2	0.70
108	20.67	16.67	0.50	1	0	9	12	2	0.70
109	45.67	0.33	0.33	1	0	9	12	4	0.60
110	46.67	1.33	0.33	1	0	14	17	3	0.80
111	47.67	0.00	0.50	1	1	9	12	5	0.60
112	66.00	44.00	0.33	1	0	9	12	4	0.60
113	8.33	48.67	0.33	1	1	12	15	4	0.70
114	45.67	3.33	0.75	1	1	14	17	1	0.90
115	5.00	29.33	0.75	1	1	9	12	5	0.80
116	12.67	61.00	0.50	1	0	9	12	2	0.90
117	40.33	16.00	0.50	1	1	9	12	1	0.60
118	20.67	5.00	0.33	1	1	12	15	1	0.70
119	6.33	12.67	0.50	1	1	14	17	3	0.70
120	48.00	19.67	0.50	0	1	12	15	2	0.90
121	41.67	26.00	0.33	1	1	12	15	1	0.60
122	4.00	52.00	0.50	1	1	9	12	1	0.80
123	17.67	9.67	0.50	1	1	9	12	4	0.60
124	7.33	20.33	0.33	1	1	9	12	5	0.80
125	53.00	40.33	0.33	0	1	14	17	2	0.70
126	19.67	27.67	0.33	0	1	12	15	1	0.80
127	19.67	19.00	0.33	0	1	12	15	4	0.70
128	56.00	19.33	0.75	0	1	12	15	5	0.70
129	4.00	28.33	0.33	1	1	14	17	4	0.90
130	28.33	64.33	0.75	1	1	14	17	1	0.60
131	51.67	35.67	0.50	1	1	9	12	1	0.70
132	65.00	44.00	0.75	0	1	12	15	5	0.60
133	18.33	17.00	0.33	1	0	12	15	4	0.60
134	63.00	40.00	0.33	1	0	12	15	1	0.70
135	19.67	46.33	0.33	1	0	9	12	3	0.70
136	40.33	16.67	0.75	0	1	14	17	3	0.90
137	3.33	22.33	0.50	1	1	9	12	3	0.90
138	17.33	9.33	0.50	1	1	12	15	3	0.80
139	5.67	50.00	0.75	1	0	14	17	3	0.90
140	33.67	22.33	0.75	1	0	9	12	1	0.80
141	23.00	15.67	0.33	1	0	12	15	3	0.90
142	54.67	37.67	0.33	0	1	12	15	1	0.70
143	26.33	38.33	0.50	1	1	14	17	5	0.70
144	26.67	36.00	0.33	1	0	14	17	4	0.80
145	61.33	38.67	0.75	1	0	9	12	3	0.90
146	9.00	45.00	0.50	1	1	12	15	2	0.70
147	9.67	46.33	0.75	0	1	9	12	2	0.60
148	28.00	64.67	0.50	1	0	12	15	5	0.70
149	62.00	31.33	0.50	1	1	12	15	2	0.60
150	38.00	24.00	0.50	1	1	12	15	3	0.60
151	30.00	1.33	0.50	1	0	9	12	2	0.80
152	13.67	62.33	0.50	0	1	14	17	5	0.90
153	30.67	59.33	0.50	0	1	12	15	4	0.80
154	15.33	13.33	0.75	1	0	14	17	3	0.80
155	58.00	42.67	0.50	0	1	9	12	5	0.80
156	10.00	47.33	0.50	1	0	12	15	2	0.80
157	9.33	64.33	0.75	1	1	9	12	4	0.80
158	61.67	32.00	0.33	1	1	14	17	5	0.80
159	24.67	18.33	0.75	0	1	9	12	4	0.80
160	7.67	41.00	0.50	1	1	14	17	3	0.60
161	34.33	23.33	0.75	1	0	14	17	4	0.70
162	14.00	58.00	0.50	1	1	14	17	1	0.80
163	2.67	2.67	0.75	1	0	9	12	4	0.90
164	27.67	27.00	0.50	1	1	12	15	3	0.90
165	19.00	18.00	0.75	1	0	9	12	3	0.70
166	8.67	15.00	0.50	0	1	9	12	5	0.60
167	27.67	60.00	0.75	1	1	9	12	4	0.70
168	23.33	12.33	0.33	1	0	9	12	3	0.70
169	32.33	21.67	0.33	1	0	9	12	5	0.70
170	17.67	10.33	0.50	1	1	9	12	2	0.70
171	59.67	47.00	0.75	0	1	14	17	2	0.70
172	33.33	17.67	0.75	1	1	12	15	3	0.60
173	18.33	21.33	0.75	0	1	14	17	5	0.60
174	2.67	23.67	0.33	0	1	12	15	2	0.80
175	58.00	61.67	0.50	1	0	14	17	4	0.70
176	58.67	48.00	0.33	1	1	9	12	1	0.60
177	41.00	12.00	0.75	1	0	9	12	1	0.80
178	47.33	20.00	0.33	1	0	14	17	2	0.70
179	17.67	20.33	0.75	0	1	14	17	2	0.90
180	20.67	12.67	0.33	1	0	14	17	5	0.80
181	41.00	11.00	0.75	1	0	12	15	5	0.90
182	45.33	37.00	0.50	1	0	14	17	5	0.90
183	9.33	53.33	0.33	0	1	12	15	3	0.90
184	28.33	28.33	0.33	0	1	12	15	2	0.70
185	4.00	22.00	0.75	1	1	12	15	3	0.80
186	35.67	32.00	0.50	1	1	14	17	3	0.90
187	56.00	39.67	0.75	1	1	12	15	5	0.80
188	57.00	12.00	0.75	1	1	12	15	4	0.90
189	62.67	29.33	0.33	1	1	14	17	1	0.70
190	45.00	15.00	0.75	1	1	14	17	2	0.70
191	8.67	13.67	0.50	1	0	12	15	1	0.70
192	65.00	43.00	0.33	1	1	14	17	5	0.60
193	36.00	47.00	0.75	0	1	12	15	3	0.90
194	25.00	44.67	0.75	0	1	14	17	5	0.70
195	47.00	1.33	0.33	1	0	12	15	1	0.90
196	20.00	19.33	0.75	1	0	12	15	5	0.80
197	65.33	45.67	0.50	1	0	12	15	5	0.70
198	2.33	47.33	0.33	0	1	12	15	3	0.80
199	63.33	37.33	0.33	0	1	9	12	5	0.60
200	21.00	64.00	0.33	1	1	12	15	2	0.60
201	32.33	43.00	0.75	1	1	12	15	5	0.90
202	23.67	43.67	0.33	1	0	12	15	5	0.90
203	53.00	35.00	0.50	1	1	9	12	1	0.70
204	36.33	16.00	0.50	1	1	9	12	5	0.90
205	63.00	27.67	0.75	1	0	9	12	1	0.90
206	47.33	9.00	0.50	0	1	9	12	4	0.70
207	22.67	13.33	0.75	0	1	14	17	4	0.60
208	18.67	30.00	0.50	0	1	12	15	4	0.60
209	32.67	64.33	0.75	0	1	14	17	1	0.60
210	40.33	12.00	0.50	1	1	12	15	4	0.60
211	33.67	23.33	0.50	1	1	14	17	3	0.90
212	44.67	52.33	0.50	0	1	14	17	3	0.80
213	34.33	25.67	0.75	1	0	9	12	5	0.60
214	29.00	39.00	0.50	0	1	12	15	1	0.70
215	61.00	56.67	0.50	1	0	14	17	4	0.70
216	64.33	4.00	0.75	0	1	9	12	2	0.90
217	42.33	20.00	0.33	1	1	12	15	2	0.70
218	59.33	46.67	0.75	1	1	12	15	2	0.90
219	31.67	16.67	0.75	0	1	14	17	1	0.90
220	8.33	55.00	0.75	1	0	9	12	3	0.60
221	41.33	63.67	0.75	0	1	14	17	1	0.70
222	46.00	23.00	0.75	1	0	9	12	5	0.60
223	59.00	48.33	0.50	0	1	14	17	3	0.60
224	16.67	10.33	0.33	1	0	14	17	4	0.80
225	12.33	59.00	0.75	1	1	14	17	3	0.80
226	16.00	10.00	0.50	1	0	14	17	1	0.90
227	65.67	9.67	0.75	1	0	9	12	1	0.60
228	13.33	43.33	0.50	1	1	9	12	1	0.90
229	7.67	56.00	0.50	1	1	14	17	4	0.60
230	8.00	46.67	0.33	1	1	9	12	1	0.60
231	6.67	19.67	0.50	1	0	12	15	5	0.80
232	27.00	61.00	0.50	1	1	12	15	4	0.70
233	63.33	36.33	0.33	1	1	9	12	2	0.90
234	9.33	62.33	0.75	1	0	14	17	2	0.80
235	48.33	6.33	0.33	1	0	12	15	4	0.80
236	54.67	12.33	0.75	0	1	12	15	2	0.80
237	62.00	32.00	0.33	1	1	12	15	4	0.60
238	35.00	23.33	0.50	1	0	12	15	3	0.60
239	46.67	2.00	0.33	1	0	9	12	2	0.90
240	48.67	55.33	0.33	1	1	12	15	4	0.80
241	18.67	49.33	0.33	0	1	14	17	1	0.90
242	22.00	17.33	0.33	1	0	9	12	3	0.60
243	17.67	19.67	0.75	1	1	9	12	1	0.80
244	59.67	1.67	0.75	1	0	9	12	2	0.60
245	40.67	19.33	0.33	1	0	9	12	3	0.70
246	12.33	63.33	0.50	1	0	12	15	5	0.80
247	51.67	7.33	0.75	1	0	12	15	1	0.70
248	58.33	47.67	0.50	1	1	12	15	3	0.70
249	66.33	44.00	0.33	1	0	12	15	1	0.80
250	43.67	30.67	0.75	0	1	14	17	1	0.60
251	27.67	65.67	0.50	0	1	9	12	4	0.60
252	60.00	22.00	0.50	1	1	9	12	4	0.90
253	29.00	65.00	0.50	1	1	12	15	3	0.70
254	43.00	58.67	0.50	1	1	12	15	1	0.80
255	61.67	41.00	0.75	0	1	9	12	4	0.90
256	25.67	38.33	0.33	1	0	12	15	4	0.90
257	2.33	39.67	0.75	1	1	12	15	2	0.60
258	65.00	32.33	0.50	0	1	14	17	3	0.80
259	54.00	39.33	0.50	1	1	9	12	1	0.70
260	65.33	37.00	0.50	1	1	12	15	1	0.70
261	10.67	15.67	0.33	0	1	14	17	1	0.80
262	33.33	48.00	0.33	1	1	14	17	1	0.80
263	4.33	50.67	0.50	1	1	9	12	5	0.70
264	64.00	37.67	0.50	1	1	14	17	4	0.60
265	8.33	47.67	0.50	1	0	12	15	4	0.90
266	17.00	10.33	0.75	1	0	14	17	3	0.80
267	4.67	28.00	0.33	0	1	9	12	1	0.80
268	4.00	23.00	0.50	0	1	9	12	4	0.60
269	55.00	37.67	0.75	1	0	9	12	2	0.90
270	46.00	24.00	0.50	1	0	14	17	2	0.70
271	45.00	0.00	0.33	1	1	14	17	4	0.80
272	2.67	29.67	0.50	1	1	9	12	5	0.60
273	36.67	36.67	0.50	1	1	14	17	4	0.60
274	59.00	48.67	0.33	0	1	9	12	1	0.70
275	29.00	65.33	0.33	1	1	14	17	2	0.60
276	29.67	13.00	0.50	0	1	12	15	5	0.90
277	21.67	25.67	0.50	1	1	14	17	3	0.80
278	21.00	49.67	0.50	1	1	12	15	2	0.70
279	47.67	1.67	0.50	0	1	9	12	2	0.80
280	10.67	59.33	0.50	1	0	14	17	5	0.80
281	64.33	37.00	0.50	1	1	14	17	2	0.70
282	54.00	41.00	0.75	1	0	12	15	1	0.70
283	22.33	42.33	0.50	1	1	9	12	5	0.70
284	24.33	27.00	0.75	1	1	14	17	4	0.70
285	16.67	22.33	0.33	1	1	12	15	2	0.70
286	12.67	62.67	0.33	1	1	9	12	4	0.80
287	61.00	40.00	0.50	1	1	14	17	4	0.90
288	43.00	12.67	0.75	1	1	14	17	1	0.90
289	11.67	62.00	0.33	1	1	12	15	1	0.60
290	60.00	31.00	0.50	0	1	9	12	2	0.80
291	48.67	1.00	0.75	1	1	14	17	4	0.90
292	2.67	51.33	0.33	1	1	12	15	2	0.90
293	66.67	54.00	0.33	1	1	9	12	1	0.70
294	2.67	23.00	0.75	0	1	9	12	5	0.90
295	43.67	12.67	0.33	1	1	9	12	4	0.60
296	26.00	38.33	0.50	1	1	12	15	2	0.80
297	41.00	10.33	0.33	0	1	9	12	5	0.90
298	13.00	50.33	0.33	1	1	14	17	3	0.90
299	17.67	58.33	0.33	1	0	9	12	4	0.90
300	0.33	18.00	0.33	1	1	14	17	2	0.90
301	13.33	31.67	0.75	0	1	9	12	5	0.60
302	1.67	24.33	0.50	1	0	12	15	4	0.90
303	2.33	50.33	0.33	0	1	14	17	5	0.70
304	55.33	39.00	0.33	1	0	14	17	5	0.80
305	13.00	62.00	0.33	1	1	9	12	5	0.70
306	55.00	38.67	0.33	0	1	14	17	2	0.90
307	33.00	4.00	0.50	1	1	9	12	5	0.70
308	16.00	35.33	0.75	1	1	9	12	2	0.60
309	51.33	2.33	0.33	1	0	9	12	2	0.70
310	6.00	11.67	0.33	1	1	14	17	1	0.60
311	45.00	57.00	0.75	1	0	14	17	1	0.70
312	3.67	39.33	0.33	1	0	12	15	1	0.60
313	26.00	24.00	0.33	1	0	14	17	1	0.70
314	6.33	17.00	0.50	0	1	14	17	1	0.90
315	23.00	44.33	0.50	1	0	14	17	3	0.70
316	18.67	19.67	0.75	1	0	14	17	4	0.80
317	33.00	15.00	0.50	1	0	14	17	2	0.90
318	34.33	22.33	0.75	0	1	12	15	1	0.70
319	17.67	26.33	0.75	1	0	14	17	1	0.70
320	64.67	37.33	0.33	0	1	12	15	1	0.70
321	14.00	55.00	0.75	1	0	12	15	2	0.80
322	22.67	52.00	0.50	0	1	12	15	3	0.80
323	57.33	38.00	0.33	1	1	14	17	1	0.80
324	32.67	1.33	0.75	1	1	14	17	1	0.80
325	34.67	58.67	0.75	1	1	12	15	2	0.70
326	66.67	45.33	0.50	0	1	12	15	4	0.90
327	7.00	28.33	0.33	1	0	9	12	5	0.60
328	22.33	46.00	0.50	0	1	12	15	3	0.80
329	37.00	43.00	0.33	0	1	12	15	3	0.80
330	32.33	2.33	0.33	1	1	9	12	3	0.70
331	38.00	37.33	0.33	0	1	12	15	2	0.90
332	41.67	16.33	0.50	0	1	12	15	2	0.90
333	25.00	57.67	0.33	1	0	14	17	2	0.90
334	14.00	24.00	0.33	1	1	9	12	3	0.90
335	17.67	60.00	0.33	0	1	14	17	2	0.80
336	58.00	64.67	0.75	0	1	9	12	4	0.60
337	13.00	37.33	0.50	1	0	9	12	4	0.80
338	2.00	64.33	0.75	1	1	12	15	3	0.60
339	2.00	22.33	0.33	1	1	12	15	3	0.90
340	4.67	30.67	0.33	1	0	14	17	1	0.60
341	1.00	25.00	0.75	0	1	14	17	2	0.70
342	7.67	47.33	0.33	1	0	14	17	4	0.80
343	19.00	39.33	0.50	1	0	9	12	2	0.80
344	21.67	17.67	0.33	1	1	14	17	2	0.70
345	46.67	1.00	0.33	1	1	14	17	4	0.90
346	62.33	37.33	0.50	1	0	12	15	5	0.80
347	37.33	2.00	0.33	1	1	9	12	3	0.80
348	21.00	18.33	0.33	1	1	9	12	1	0.70
349	34.67	22.67	0.75	1	1	9	12	4	0.80
350	10.00	62.33	0.50	1	1	12	15	1	0.60
351	64.67	43.00	0.50	1	1	12	15	2	0.90
352	17.67	22.33	0.75	0	1	9	12	3	0.80
353	62.00	21.67	0.50	1	0	12	15	2	0.90
354	4.00	43.67	0.50	1	1	12	15	2	0.80
355	40.67	12.33	0.33	0	1	12	15	3	0.90
356	12.00	64.33	0.75	1	1	12	15	2	0.80
357	37.67	35.00	0.33	1	0	12	15	2	0.70
358	28.00	60.00	0.75	1	0	9	12	3	0.60
359	45.33	30.00	0.75	1	0	9	12	4	0.70
360	20.33	16.67	0.33	1	0	9	12	3	0.60
361	32.33	22.33	0.75	0	1	9	12	1	0.70
362	63.33	36.67	0.75	1	1	14	17	1	0.80
363	29.00	39.33	0.33	1	1	12	15	4	0.80
364	45.67	1.33	0.50	1	1	9	12	1	0.70
365	59.67	50.33	0.33	1	1	12	15	5	0.60
366	63.00	32.33	0.33	1	0	12	15	4	0.90
367	5.00	29.00	0.75	1	0	12	15	5	0.90
368	52.33	47.33	0.75	0	1	9	12	2	0.80
369	46.00	20.33	0.33	1	1	12	15	4	0.70
370	21.67	14.00	0.75	0	1	12	15	3	0.70
371	20.00	61.33	0.75	1	0	12	15	3	0.70
372	28.33	64.00	0.50	1	0	12	15	2	0.70
373	31.00	2.33	0.50	1	1	9	12	1	0.80
374	31.67	5.33	0.75	1	1	14	17	5	0.80
375	41.67	12.67	0.75	1	0	12	15	2	0.60
376	49.67	26.00	0.50	0	1	9	12	3	0.90
377	61.67	38.33	0.33	0	1	9	12	3	0.80
378	52.67	44.00	0.75	1	0	9	12	4	0.90
379	9.67	40.33	0.50	1	0	9	12	3	0.90
380	40.67	4.33	0.75	1	0	9	12	2	0.80
381	19.00	52.33	0.50	1	1	9	12	4	0.60
382	2.67	24.33	0.33	1	1	12	15	2	0.70
383	38.33	25.00	0.50	1	1	12	15	1	0.70
384	13.67	14.33	0.50	0	1	9	12	2	0.80
385	34.67	1.67	0.50	0	1	14	17	1	0.80
386	57.33	18.33	0.33	1	0	14	17	3	0.90
387	61.33	46.67	0.50	0	1	14	17	1	0.60
388	4.00	37.67	0.50	0	1	9	12	2	0.70
389	13.33	61.00	0.33	0	1	9	12	4	0.60
390	64.33	43.67	0.50	1	0	12	15	2	0.60
391	43.00	13.33	0.33	0	1	12	15	1	0.90
392	28.00	64.00	0.50	1	1	12	15	4	0.70
393	31.67	24.67	0.75	0	1	9	12	1	0.90
394	2.67	24.67	0.75	1	0	9	12	4	0.90
395	60.33	49.00	0.75	1	0	12	15	1	0.70
396	5.67	31.00	0.33	0	1	9	12	5	0.90
397	22.00	65.33	0.50	1	1	12	15	3	0.90
398	41.00	30.00	0.50	0	1	12	15	3	0.90
399	36.67	61.33	0.50	1	0	12	15	3	0.80
400	40.33	15.33	0.75	0	1	12	15	5	0.90
