0	33.33	33.33	0.00	0	0	0	0	0	0.00
1	44.67	2.00	0.50	0	1	9	12	4	0.90
2	21.00	19.33	0.75	1	0	9	12	5	0.80
3	21.33	17.33	0.75	1	1	14	17	5	0.90
4	46.33	2.33	0.33	1	1	14	17	1	0.80
5	36.67	2.67	0.75	0	1	9	12	5	0.70
6	26.33	64.33	0.33	1	1	14	17	1	0.80
7	26.67	63.33	0.50	1	0	12	15	4	0.80
8	52.67	27.00	0.33	0	1	12	15	3	0.80
9	20.00	51.00	0.33	0	1	12	15	4	0.70
10	47.00	2.67	0.33	1	1	14	17	4	0.80
11	4.33	27.00	0.50	1	0	9	12	5	0.60
12	22.67	38.33	0.50	1	1	9	12	5	0.60
13	50.33	44.00	0.33	1	1	14	17	1	0.90
14	29.33	47.67	0.75	1	0	9	12	5	0.60
15	5.33	28.00	0.33	1	0	9	12	4	0.80
16	51.67	5.67	0.33	1	0	14	17	2	0.60
17	23.00	50.00	0.50	0	1	12	15	5	0.70
18	18.33	29.00	0.33	1	0	14	17	3	0.90
19	7.33	44.33	0.75	1	1	12	15	4	0.60
20	3.33	6.67	0.75	1	0	9	12	1	0.70
21	62.33	47.33	0.50	1	1	14	17	2	0.90
22	38.00	40.67	0.50	1	0	12	15	1	0.60
23	26.00	39.67	0.50	0	1	12	15	5	0.80
24	66.33	38.33	0.75	0	1	9	12	3	0.60
25	61.67	41.33	0.50	1	1	12	15	5	0.60
26	15.33	7.33	0.50	0	1	9	12	3	0.90
27	2.33	50.67	0.50	0	1	9	12	5	0.70
28	48.00	30.67	0.75	1	0	12	15	5	0.80
29	1.67	54.00	0.33	1	0	12	15	2	0.80
30	65.67	37.67	0.33	0	1	9	12	4	0.70
31	63.00	31.67	0.33	0	1	9	12	3	0.60
32	28.00	39.33	0.33	0	1	14	17	4	0.90
33	9.33	25.67	0.33	1	0	12	15	3	0.80
34	35.00	8.67	0.33	1	0	14	17	2	0.70
35	37.67	33.33	0.33	1	1	12	15	3	0.80
36	46.33	32.33	0.50	1	1	14	17	3	0.70
37	47.67	59.67	0.33	1	0	12	15	1	0.70
38	37.00	63.00	0.33	0	1	12	15	2	0.80
39	39.67	12.33	0.75	1	0	14	17	4	0.60
40	29.00	63.67	0.50	0	1	12	15	2	0.70
41	26.67	55.67	0.50	1	1	12	15	3	0.80
42	7.67	45.67	0.75	1	0	14	17	2	0.60
43	60.33	23.33	0.50	1	0	9	12	5	0.90
44	59.33	41.00	0.75	1	0	14	17	5	0.80
45	15.00	47.33	0.50	1	0	14	17	5	0.80
46	50.33	22.00	0.50	1	1	14	17	1	0.60
47	22.67	16.67	0.50	1	1	14	17	5	0.70
48	53.00	65.33	0.75	1	0	9	12	4	0.90
49	29.00	10.00	0.75	1	0	9	12	5	0.60
50	62.33	30.67	0.75	1	1	12	15	2	0.60
51	3.33	51.00	0.33	1	1	14	17	3	0.60
52	18.00	10.00	0.75	1	0	14	17	1	0.90
53	18.00	12.33	0.33	0	1	9	12	1	0.90
54	60.00	49.00	0.50	0	1	9	12	5	0.60
55	51.33	19.67	0.50	1	0	12	15	4	0.70
56	31.00	4.33	0.50	1	1	12	15	4	0.60
57	12.67	63.33	0.33	1	0	9	12	3	0.90
58	34.67	29.33	0.50	1	1	14	17	2	0.60
59	26.00	56.33	0.33	0	1	12	15	1	0.60
60	42.33	47.67	0.33	1	1	9	12	2	0.70
61	8.00	43.67	0.75	0	1	14	17	4	0.60
62	27.33	64.67	0.75	1	1	12	15	3	0.60
63	55.00	39.00	0.33	1	0	14	17	5	0.90
64	7.67	58.67	0.33	1	1	12	15	3	0.90
65	18.33	8.00	0.75	1	0	14	17	5	0.70
66	49.33	52.33	0.50	0	1	9	12	2	0.90
67	62.00	30.33	0.33	1	0	9	12	4	0.90
68	8.67	46.00	0.33	0	1	9	12	5	0.80
69	26.00	61.33	0.50	0	1	9	12	3	0.80
70	55.00	60.33	0.33	0	1	12	15	1	0.60
71	3.67	50.33	0.75	0	1	14	17	3	0.90
72	34.33	22.00	0.33	1	0	12	15	5	0.60
73	62.67	41.67	0.50	0	1	9	12	5	0.60
74	65.67	46.67	0.33	0	1	9	12	3	0.90
75	33.33	23.33	0.75	1	0	9	12	4	0.60
76	27.67	39.33	0.75	1	0	12	15	5	0.80
77	22.00	19.33	0.75	1	0	9	12	5	0.90
78	27.67	62.67	0.50	1	1	9	12	5	0.90
79	4.00	51.33	0.33	1	0	9	12	1	0.80
80	52.67	6.67	0.50	1	0	9	12	5	0.80
81	53.67	52.67	0.33	1	0	12	15	3	0.60
82	13.67	62.00	0.75	0	1	14	17	4	0.70
83	54.00	54.00	0.75	0	1	12	15	1	0.70
84	29.67	58.67	0.33	1	1	14	17	1	0.90
85	28.67	23.00	0.33	0	1	12	15	4	0.60
86	6.67	24.00	0.75	1	1	12	15	5	0.60
87	13.67	60.67	0.50	1	0	9	12	2	0.90
88	59.33	49.00	0.33	1	0	12	15	2	0.80
89	46.67	3.67	0.33	0	1	12	15	1	0.90
90	20.00	17.00	0.33	1	1	9	12	1	0.70
91	33.33	2.00	0.50	1	0	14	17	3	0.80
92	6.00	29.67	0.50	1	0	9	12	3	0.90
93	28.33	36.67	0.50	0	1	14	17	4	0.60
94	12.33	48.67	0.75	1	0	9	12	5	0.80
95	60.33	29.67	0.50	1	1	14	17	3	0.70
96	8.67	49.00	0.33	0	1	14	17	3	0.60
97	17.33	12.67	0.75	0	1	9	12	2	0.80
98	43.67	45.33	0.33	1	1	14	17	2	0.60
99	15.33	43.67	0.50	1	0	9	12	1	0.80
100	11.67	53.33	0.75	0	1	12	15	3	0.60
101	62.33	32.33	0.50	0	1	12	15	2	0.70
102	57.33	59.67	0.50	0	1	9	12	5	0.60
103	52.00	31.00	0.75	1	0	12	15	5	0.70
104	28.33	54.67	0.50	1	1	12	15	3	0.70
105	5.67	10.67	0.75	1	0	12	15	4	0.60
106	58.33	20.00	0.33	0	1	12	15	5	0.90
107	27.33	16.00	0.33	1	0	14	17	5	0.90
108	20.67	16.67	0.75	1	0	14	17	2	0.90
109	45.67	0.33	0.50	1	1	12	15	4	0.70
110	46.67	1.33	0.33	1	1	9	12	2	0.70
111	47.67	0.00	0.33	1	1	9	12	1	0.70
112	66.00	44.00	0.33	0	1	14	17	2	0.70
113	8.33	48.67	0.75	1	1	9	12	1	0.60
114	45.67	3.33	0.33	0	1	12	15	2	0.90
115	5.00	29.33	0.33	1	1	9	12	1	0.90
116	12.67	61.00	0.33	0	1	14	17	2	0.70
117	40.33	16.00	0.50	1	1	14	17	4	0.60
118	20.67	5.00	0.75	0	1	14	17	5	0.80
119	6.33	12.67	0.50	1	1	14	17	3	0.90
120	48.00	19.67	0.75	0	1	12	15	1	0.90
121	41.67	26.00	0.75	1	1	14	17	3	0.80
122	4.00	52.00	0.33	1	1	12	15	2	0.60
123	17.67	9.67	0.50	0	1	14	17	1	0.60
124	7.33	20.33	0.33	1	0	12	15	4	0.70
125	53.00	40.33	0.50	0	1	12	15	4	0.60
126	19.67	27.67	0.33	1	0	14	17	2	0.60
127	19.67	19.00	0.50	1	1	9	12	2	0.90
128	56.00	19.33	0.75	1	1	14	17	4	0.80
129	4.00	28.33	0.33	1	0	12	15	5	0.70
130	28.33	64.33	0.50	1	0	14	17	5	0.60
131	51.67	35.67	0.75	1	0	14	17	3	0.80
132	65.00	44.00	0.50	1	1	9	12	4	0.80
133	18.33	17.00	0.50	1	1	9	12	1	0.80
134	63.00	40.00	0.75	1	0	12	15	2	0.90
135	19.67	46.33	0.33	0	1	9	12	1	0.80
136	40.33	16.67	0.75	0	1	12	15	2	0.90
137	3.33	22.33	0.75	1	0	12	15	3	0.70
138	17.33	9.33	0.33	1	1	12	15	4	0.60
139	5.67	50.00	0.50	1	1	14	17	4	0.80
140	33.67	22.33	0.33	1	1	9	12	3	0.70
141	23.00	15.67	0.50	1	0	9	12	5	0.90
142	54.67	37.67	0.75	1	0	14	17	4	0.80
143	26.33	38.33	0.50	1	0	14	17	1	0.70
144	26.67	36.00	0.75	1	1	9	12	4	0.90
145	61.33	38.67	0.33	1	1	14	17	4	0.60
146	9.00	45.00	0.50	0	1	14	17	3	0.80
147	9.67	46.33	0.33	1	1	9	12	1	0.60
148	28.00	64.67	0.75	0	1	12	15	1	0.60
149	62.00	31.33	0.33	1	0	9	12	2	0.90
150	38.00	24.00	0.75	1	0	14	17	5	0.90
151	30.00	1.33	0.50	1	0	12	15	2	0.70
152	13.67	62.33	0.50	1	1	12	15	2	0.90
153	30.67	59.33	0.33	1	0	9	12	5	0.60
154	15.33	13.33	0.50	0	1	12	15	3	0.90
155	58.00	42.67	0.33	1	1	12	15	1	0.80
156	10.00	47.33	0.50	0	1	9	12	1	0.70
157	9.33	64.33	0.33	0	1	9	12	2	0.60
158	61.67	32.00	0.33	1	0	12	15	3	0.70
159	24.67	18.33	0.75	1	0	12	15	3	0.90
160	7.67	41.00	0.75	0	1	9	12	4	0.70
161	34.33	23.33	0.33	1	1	12	15	5	0.70
162	14.00	58.00	0.75	0	1	12	15	3	0.80
163	2.67	2.67	0.50	1	0	9	12	3	0.80
164	27.67	27.00	0.75	0	1	9	12	2	0.90
165	19.00	18.00	0.75	0	1	9	12	1	0.60
166	8.67	15.00	0.33	1	0	9	12	4	0.80
167	27.67	60.00	0.33	0	1	9	12	5	0.70
168	23.33	12.33	0.50	1	1	14	17	3	0.60
169	32.33	21.67	0.75	1	1	14	17	3	0.80
170	17.67	10.33	0.75	1	1	9	12	2	0.80
171	59.67	47.00	0.33	0	1	9	12	5	0.80
172	33.33	17.67	0.50	1	0	9	12	4	0.90
173	18.33	21.33	0.50	1	1	9	12	5	0.70
174	2.67	23.67	0.33	0	1	12	15	3	0.70
175	58.00	61.67	0.33	0	1	9	12	1	0.70
176	58.67	48.00	0.33	0	1	9	12	4	0.70
177	41.00	12.00	0.50	0	1	14	17	4	0.70
178	47.33	20.00	0.33	1	1	12	15	5	0.80
179	17.67	20.33	0.50	1	0	14	17	5	0.80
180	20.67	12.67	0.33	1	0	9	12	5	0.90
181	41.00	11.00	0.75	1	0	12	15	3	0.80
182	45.33	37.00	0.50	0	1	14	17	2	0.60
183	9.33	53.33	0.33	1	1	12	15	5	0.70
184	28.33	28.33	0.33	1	1	9	12	5	0.90
185	4.00	22.00	0.75	0	1	9	12	2	0.70
186	35.67	32.00	0.50	0	1	12	15	4	0.60
187	56.00	39.67	0.50	1	1	14	17	5	0.60
188	57.00	12.00	0.75	0	1	12	15	1	0.80
189	62.67	29.33	0.50	1	0	12	15	5	0.90
190	45.00	15.00	0.33	1	0	14	17	3	0.80
191	8.67	13.67	0.33	0	1	14	17	4	0.80
192	65.00	43.00	0.33	0	1	9	12	5	0.90
193	36.00	47.00	0.50	1	0	12	15	5	0.60
194	25.00	44.67	0.75	1	1	14	17	3	0.90
195	47.00	1.33	0.33	0	1	12	15	5	0.80
196	20.00	19.33	0.33	1	1	12	15	2	0.90
197	65.33	45.67	0.50	0	1	12	15	3	0.70
198	2.33	47.33	0.75	1	1	14	17	5	0.60
199	63.33	37.33	0.75	1	1	9	12	3	0.60
200	21.00	64.00	0.75	0	1	14	17	4	0.60
201	32.33	43.00	0.33	1	0	9	12	1	0.90
202	23.67	43.67	0.50	1	1	14	17	1	0.90
203	53.00	35.00	0.75	1	1	14	17	3	0.90
204	36.33	16.00	0.33	1	1	9	12	2	0.70
205	63.00	27.67	0.33	1	0	9	12	1	0.80
206	47.33	9.00	0.50	1	1	9	12	1	0.70
207	22.67	13.33	0.50	1	1	12	15	2	0.60
208	18.67	30.00	0.50	1	0	9	12	4	0.70
209	32.67	64.33	0.75	1	0	12	15	3	0.70
210	40.33	12.00	0.75	1	1	12	15	3	0.90
211	33.67	23.33	0.33	1	0	12	15	5	0.90
212	44.67	52.33	0.33	1	0	9	12	5	0.90
213	34.33	25.67	0.50	1	1	12	15	5	0.80
214	29.00	39.00	0.75	1	1	14	17	5	0.80
215	61.00	56.67	0.75	1	0	14	17	5	0.70
216	64.33	4.00	0.50	0	1	9	12	1	0.90
217	42.33	20.00	0.33	0	1	14	17	5	0.70
218	59.33	46.67	0.75	1	1	14	17	2	0.60
219	31.67	16.67	0.75	1	0	9	12	3	0.60
220	8.33	55.00	0.33	0	1	9	12	1	0.90
221	41.33	63.67	0.33	1	0	9	12	4	0.80
222	46.00	23.00	0.33	0	1	9	12	3	0.90
223	59.00	48.33	0.75	1	0	12	15	3	0.70
224	16.67	10.33	0.75	1	0	9	12	1	0.60
225	12.33	59.00	0.33	0	1	9	12	1	0.80
226	16.00	10.00	0.50	1	1	9	12	2	0.70
227	65.67	9.67	0.75	1	0	12	15	3	0.60
228	13.33	43.33	0.33	0	1	9	12	1	0.70
229	7.67	56.00	0.75	1	1	14	17	3	0.60
230	8.00	46.67	0.33	1	1	12	15	4	0.90
231	6.67	19.67	0.50	1	1	14	17	4	0.70
232	27.00	61.00	0.50	1	1	12	15	1	0.70
233	63.33	36.33	0.75	0	1	14	17	3	0.90
234	9.33	62.33	0.50	1	0	12	15	1	0.80
235	48.33	6.33	0.33	1	1	9	12	3	0.70
236	54.67	12.33	0.75	1	1	14	17	2	0.60
237	62.00	32.00	0.75	0	1	14	17	1	0.80
238	35.00	23.33	0.33	1	1	9	12	3	0.70
239	46.67	2.00	0.50	1	0	9	12	1	0.60
240	48.67	55.33	0.50	1	0	12	15	5	0.70
241	18.67	49.33	0.50	1	0	12	15	4	0.70
242	22.00	17.33	0.50	1	0	14	17	1	0.90
243	17.67	19.67	0.50	1	1	14	17	4	0.60
244	59.67	1.67	0.75	1	1	12	15	1	0.60
245	40.67	19.33	0.50	0	1	9	12	5	0.80
246	12.33	63.33	0.75	1	0	9	12	3	0.60
247	51.67	7.33	0.50	0	1	12	15	1	0.80
248	58.33	47.67	0.50	1	1	9	12	1	0.90
249	66.33	44.00	0.33	0	1	9	12	4	0.60
250	43.67	30.67	0.50	0	1	9	12	5	0.70
251	27.67	65.67	0.33	0	1	9	12	5	0.70
252	60.00	22.00	0.75	1	0	12	15	1	0.80
253	29.00	65.00	0.33	1	0	12	15	3	0.60
254	43.00	58.67	0.33	1	0	9	12	1	0.80
255	61.67	41.00	0.75	1	1	12	15	4	0.70
256	25.67	38.33	0.75	1	1	12	15	2	0.70
257	2.33	39.67	0.75	1	1	14	17	2	0.70
258	65.00	32.33	0.75	0	1	12	15	1	0.70
259	54.00	39.33	0.75	1	1	14	17	3	0.90
260	65.33	37.00	0.33	0	1	14	17	4	0.60
261	10.67	15.67	0.50	1	1	14	17	5	0.60
262	33.33	48.00	0.33	0	1	12	15	3	0.80
263	4.33	50.67	0.50	1	1	14	17	1	0.80
264	64.00	37.67	0.75	1	0	12	15	5	0.90
265	8.33	47.67	0.75	1	1	9	12	2	0.90
266	17.00	10.33	0.50	0	1	12	15	3	0.80
267	4.67	28.00	0.50	1	1	9	12	5	0.80
268	4.00	23.00	0.75	1	0	9	12	3	0.80
269	55.00	37.67	0.75	1	1	12	15	2	0.80
270	46.00	24.00	0.75	0	1	9	12	4	0.80
271	45.00	0.00	0.33	1	1	12	15	5	0.60
272	2.67	29.67	0.33	1	0	14	17	2	0.60
273	36.67	36.67	0.50	0	1	9	12	5	0.70
274	59.00	48.67	0.33	1	0	12	15	3	0.60
275	29.00	65.33	0.50	1	1	12	15	4	0.90
276	29.67	13.00	0.75	0	1	9	12	3	0.80
277	21.67	25.67	0.33	1	0	12	15	3	0.60
278	21.00	49.67	0.75	0	1	14	17	2	0.80
279	47.67	1.67	0.50	0	1	14	17	3	0.90
280	10.67	59.33	0.50	1	0	9	12	5	0.80
281	64.33	37.00	0.75	1	1	12	15	4	0.70
282	54.00	41.00	0.75	0	1	14	17	4	0.60
283	22.33	42.33	0.75	1	1	14	17	1	0.90
284	24.33	27.00	0.50	1	1	14	17	1	0.90
285	16.67	22.33	0.50	1	0	14	17	5	0.90
286	12.67	62.67	0.50	1	1	12	15	2	0.60
287	61.00	40.00	0.75	0	1	12	15	4	0.90
288	43.00	12.67	0.50	1	1	9	12	1	0.80
289	11.67	62.00	0.50	0	1	12	15	2	0.70
290	60.00	31.00	0.75	0	1	14	17	2	0.70
291	48.67	1.00	0.33	1	0	9	12	4	0.60
292	2.67	51.33	0.33	1	1	14	17	1	0.60
293	66.67	54.00	0.50	1	0	12	15	3	0.70
294	2.67	23.00	0.75	0	1	9	12	5	0.80
295	43.67	12.67	0.50	1	0	9	12	4	0.60
296	26.00	38.33	0.33	1	1	14	17	2	0.70
297	41.00	10.33	0.75	1	0	9	12	5	0.80
298	13.00	50.33	0.75	1	0	14	17	4	0.80
299	17.67	58.33	0.75	1	1	14	17	4	0.90
300	0.33	18.00	0.75	1	1	9	12	5	0.80
301	13.33	31.67	0.33	0	1	9	12	4	0.90
302	1.67	24.33	0.50	1	1	12	15	2	0.70
303	2.33	50.33	0.33	1	0	9	12	3	0.60
304	55.33	39.00	0.50	1	1	14	17	2	0.80
305	13.00	62.00	0.50	0	1	9	12	5	0.90
306	55.00	38.67	0.50	0	1	12	15	5	0.70
307	33.00	4.00	0.33	1	0	14	17	1	0.70
308	16.00	35.33	0.75	1	1	12	15	2	0.90
309	51.33	2.33	0.33	0	1	9	12	2	0.90
310	6.00	11.67	0.75	1	0	14	17	1	0.80
311	45.00	57.00	0.75	1	1	14	17	4	0.90
312	3.67	39.33	0.33	0	1	9	12	4	0.80
313	26.00	24.00	0.50	0	1	9	12	3	0.80
314	6.33	17.00	0.50	1	1	9	12	4	0.70
315	23.00	44.33	0.50	1	1	9	12	5	0.90
316	18.67	19.67	0.75	1	0	9	12	5	0.70
317	33.00	15.00	0.75	0	1	12	15	1	0.80
318	34.33	22.33	0.50	1	0	14	17	1	0.60
319	17.67	26.33	0.33	0	1	14	17	2	0.80
320	64.67	37.33	0.33	1	1	9	12	3	0.80
321	14.00	55.00	0.50	1	0	9	12	4	0.70
322	22.67	52.00	0.75	1	0	14	17	1	0.60
323	57.33	38.00	0.75	1	0	14	17	4	0.60
324	32.67	1.33	0.50	1	1	14	17	2	0.60
325	34.67	58.67	0.75	1	0	12	15	5	0.90
326	66.67	45.33	0.33	1	0	9	12	3	0.60
327	7.00	28.33	0.75	1	0	9	12	5	0.80
328	22.33	46.00	0.50	0	1	12	15	3	0.70
329	37.00	43.00	0.75	0	1	12	15	5	0.60
330	32.33	2.33	0.50	1	1	12	15	2	0.90
331	38.00	37.33	0.50	0	1	14	17	4	0.80
332	41.67	16.33	0.33	1	0	12	15	5	0.90
333	25.00	57.67	0.33	1	0	9	12	3	0.90
334	14.00	24.00	0.50	1	0	9	12	1	0.70
335	17.67	60.00	0.75	1	0	9	12	1	0.90
336	58.00	64.67	0.75	1	1	9	12	4	0.80
337	13.00	37.33	0.33	1	1	14	17	3	0.90
338	2.00	64.33	0.75	1	1	14	17	5	0.90
339	2.00	22.33	0.50	1	0	12	15	4	0.60
340	4.67	30.67	0.75	0	1	9	12	5	0.80
341	1.00	25.00	0.33	1	1	12	15	5	0.80
342	7.67	47.33	0.75	0	1	14	17	4	0.60
343	19.00	39.33	0.75	0	1	9	12	2	0.80
344	21.67	17.67	0.50	1	0	14	17	3	0.60
345	46.67	1.00	0.75	1	0	9	12	1	0.70
346	62.33	37.33	0.50	0	1	14	17	5	0.80
347	37.33	2.00	0.75	0	1	12	15	3	0.60
348	21.00	18.33	0.50	1	0	12	15	2	0.90
349	34.67	22.67	0.75	1	0	12	15	4	0.60
350	10.00	62.33	0.33	0	1	12	15	1	0.80
351	64.67	43.00	0.75	0	1	14	17	5	0.90
352	17.67	22.33	0.50	1	0	9	12	5	0.90
353	62.00	21.67	0.33	0	1	12	15	1	0.90
354	4.00	43.67	0.50	0	1	14	17	1	0.90
355	40.67	12.33	0.75	0	1	9	12	5	0.70
356	12.00	64.33	0.50	1	0	9	12	2	0.60
357	37.67	35.00	0.33	1	1	14	17	4	0.70
358	28.00	60.00	0.33	0	1	9	12	2	0.60
359	45.33	30.00	0.75	1	0	14	17	1	0.70
360	20.33	16.67	0.33	1	0	12	15	1	0.70
361	32.33	22.33	0.33	0	1	14	17	5	0.70
362	63.33	36.67	0.33	0	1	14	17	2	0.90
363	29.00	39.33	0.33	1	0	14	17	3	0.80
364	45.67	1.33	0.75	0	1	9	12	5	0.90
365	59.67	50.33	0.50	1	0	14	17	2	0.60
366	63.00	32.33	0.50	0	1	14	17	3	0.70
367	5.00	29.00	0.50	1	1	9	12	4	0.90
368	52.33	47.33	0.75	0	1	9	12	1	0.60
369	46.00	20.33	0.75	1	0	9	12	5	0.60
370	21.67	14.00	0.50	1	0	14	17	2	0.90
371	20.00	61.33	0.75	0	1	9	12	2	0.60
372	28.33	64.00	0.75	1	0	12	15	4	0.90
373	31.00	2.33	0.50	1	1	14	17	1	0.80
374	31.67	5.33	0.50	1	1	12	15	5	0.90
375	41.67	12.67	0.50	1	1	9	12	1	0.80
376	49.67	26.00	0.33	1	1	9	12	3	0.60
377	61.67	38.33	0.75	0	1	14	17	3	0.90
378	52.67	44.00	0.33	1	0	9	12	1	0.80
379	9.67	40.33	0.75	1	1	12	15	1	0.60
380	40.67	4.33	0.33	1	1	9	12	5	0.90
381	19.00	52.33	0.50	1	0	9	12	4	0.60
382	2.67	24.33	0.75	1	0	12	15	2	0.90
383	38.33	25.00	0.50	1	1	14	17	4	0.60
384	13.67	14.33	0.75	1	0	12	15	5	0.70
385	34.67	1.67	0.50	1	0	14	17	3	0.60
386	57.33	18.33	0.75	1	1	12	15	2	0.60
387	61.33	46.67	0.33	1	0	9	12	3	0.60
388	4.00	37.67	0.75	0	1	12	15	3	0.80
389	13.33	61.00	0.75	1	0	14	17	3	0.90
390	64.33	43.67	0.33	1	1	12	15	2	0.90
391	43.00	13.33	0.75	1	1	9	12	1	0.80
392	28.00	64.00	0.75	0	1	14	17	4	0.80
393	31.67	24.67	0.75	0	1	9	12	3	0.70
394	2.67	24.67	0.33	0	1	14	17	4	0.70
395	60.33	49.00	0.33	1	1	9	12	1	0.60
396	5.67	31.00	0.33	0	1	12	15	2	0.70
397	22.00	65.33	0.50	0	1	12	15	1	0.90
398	41.00	30.00	0.50	0	1	9	12	4	0.80
399	36.67	61.33	0.50	0	1	12	15	1	0.70
400	40.33	15.33	0.75	1	1	12	15	4	0.60
